256 105
256 222
256 149
256 160
256 244
256 17
256 200
256 10
256 161
256 79
256 164
256 109
3 105
3 71
3 222
3 149
3 160
3 244
3 4
3 17
3 200
3 44
3 130
3 10
3 161
3 135
3 5
3 79
3 164
3 109
78 105
78 71
78 149
78 160
78 17
78 59
78 121
78 10
78 79
78 164
230 105
230 71
230 222
230 149
230 160
230 244
230 7
230 17
230 200
230 44
230 130
230 10
230 161
230 135
230 5
230 79
230 164
230 109
255 105
255 71
255 222
255 149
255 160
255 244
255 17
255 200
255 130
255 10
255 161
255 164
255 109
142 105
142 222
142 149
142 160
142 244
142 17
142 200
142 44
142 130
142 10
142 161
142 5
142 109
163 105
163 71
163 222
163 149
163 160
163 244
163 17
163 200
163 44
163 126
163 135
163 5
163 79
163 164
163 109
127 71
127 222
127 149
127 160
127 244
127 17
127 200
127 44
127 130
127 10
127 161
127 5
127 79
127 164
127 109
247 105
247 71
247 222
247 160
247 244
247 4
247 17
247 59
247 200
247 44
247 177
247 126
247 121
247 196
247 10
247 161
247 129
247 79
247 164
247 109
221 71
221 222
221 149
221 160
221 17
221 200
221 44
221 130
221 10
221 5
221 109
104 105
104 71
104 222
104 149
104 160
104 244
104 17
104 59
104 200
104 44
104 177
104 130
104 126
104 121
104 10
104 5
104 79
104 164
104 109
60 105
60 71
60 160
60 244
60 4
60 7
60 17
60 44
60 10
60 129
60 164
243 105
243 222
243 149
243 7
243 17
243 200
243 177
243 126
243 121
243 10
243 5
243 79
243 109
101 49
101 122
101 96
101 235
101 202
101 257
101 131
101 98
101 166
218 66
218 75
218 20
218 148
218 128
218 162
218 213
218 241
218 186
218 41
218 80
218 13
218 215
218 55
218 88
218 24
218 29
218 140
218 111
218 198
218 53
218 171
218 138
218 204
218 219
23 75
23 20
23 148
23 128
23 162
23 137
23 213
23 241
23 186
23 41
23 80
23 13
23 215
23 175
23 55
23 88
23 24
23 29
23 140
23 198
23 53
23 171
23 183
232 173
232 152
232 47
232 223
232 27
232 124
232 122
232 96
232 235
232 188
232 95
143 66
143 0
143 22
143 213
143 80
143 115
143 215
143 53
143 197
143 40
76 173
76 152
76 47
76 246
76 36
76 2
76 32
76 1
76 33
76 95
76 5
76 153
193 107
193 87
193 249
193 229
193 224
193 238
193 170
193 167
193 123
193 14
159 128
159 241
159 115
159 24
159 198
159 53
159 245
159 138
227 75
227 20
227 148
227 128
227 162
227 137
227 213
227 241
227 41
227 80
227 13
227 175
227 55
227 88
227 24
227 111
227 198
227 171
227 183
174 8
174 82
174 257
174 59
174 131
174 98
180 36
180 72
180 2
180 32
180 1
180 105
180 71
180 244
180 4
180 17
180 59
180 200
180 44
180 177
180 126
180 121
180 10
117 47
117 77
117 124
117 36
117 58
117 32
117 228
117 98
117 117
117 120
153 126
220 8
220 146
64 9
64 36
64 72
64 58
64 2
64 188
64 32
64 1
64 228
64 98
64 203
37 152
37 47
37 27
37 124
37 246
37 105
37 5
37 153
182 156
182 75
182 20
182 148
182 128
182 162
182 137
182 213
182 186
182 41
182 80
182 13
182 215
182 175
182 55
182 88
182 29
182 140
182 111
182 198
182 53
182 171
182 183
182 204
182 219
133 173
133 67
21 45
21 82
21 207
21 151
63 66
63 0
63 75
63 20
63 148
63 128
63 162
63 137
63 213
63 241
63 186
63 41
63 80
63 13
63 215
63 175
63 55
63 88
63 24
63 29
63 140
63 111
63 198
63 53
63 171
63 183
63 12
63 52
85 75
85 20
85 148
85 128
85 162
85 41
85 80
85 115
85 13
85 215
85 55
85 24
85 29
85 140
85 111
85 245
85 219
147 75
147 20
147 148
147 128
147 162
147 137
147 241
147 186
147 115
147 13
147 215
147 175
147 55
147 88
147 24
147 29
147 140
147 111
147 198
147 53
147 171
147 183
185 75
185 148
185 162
185 186
185 41
185 80
185 55
185 88
185 29
185 111
185 138
185 252
185 219
185 85
42 228
42 62
139 75
139 20
139 148
139 128
139 162
139 137
139 213
139 241
139 186
139 41
139 80
139 115
139 13
139 215
139 175
139 55
139 88
139 24
139 29
139 140
139 111
139 198
139 53
139 171
139 183
139 245
68 32
68 1
68 228
68 120
102 152
102 47
102 27
102 124
102 96
102 235
102 36
102 72
102 2
102 82
102 32
102 1
102 257
102 33
102 105
102 95
102 7
102 131
102 98
39 47
39 77
39 27
39 124
39 9
39 36
39 72
39 58
39 2
39 32
39 1
39 105
39 71
39 244
39 4
39 17
39 59
39 177
39 126
39 121
39 10
39 228
39 98
39 70
39 194
39 31
39 217
39 203
39 117
39 120
154 70
154 194
154 31
11 118
11 113
157 71
157 4
157 17
157 59
157 44
157 177
157 126
157 121
157 10
199 16
199 81
199 181
52 75
52 20
52 148
52 128
52 162
52 137
52 213
52 241
52 41
52 80
52 115
52 13
52 215
52 175
52 55
52 88
52 24
52 29
52 140
52 111
52 198
52 53
52 171
52 183
52 245
187 20
187 148
187 162
187 137
187 213
187 186
187 215
187 175
187 55
187 88
187 24
187 29
187 140
187 171
187 183
57 176
40 0
40 75
40 20
40 148
40 128
40 162
40 137
40 213
40 186
40 41
40 80
40 115
40 13
40 215
40 175
40 55
40 88
40 24
40 29
40 140
40 111
40 198
40 53
40 171
40 183
40 245
40 138
40 204
40 219
92 28
92 93
92 51
92 54
92 18
92 139
197 66
197 22
197 20
197 128
197 137
197 213
197 241
197 41
197 80
197 115
197 13
197 215
197 175
197 55
197 24
197 29
197 198
197 53
197 183
197 138
197 252
197 219
172 8
90 8
90 28
90 33
90 191
90 108
54 214
134 43
134 202
134 233
67 169
212 208
212 216
212 116
212 233
99 240
99 43
99 100
99 202
99 250
99 239
99 169
99 189
99 108
12 209
12 75
12 20
12 148
12 128
12 162
12 137
12 213
12 186
12 41
12 80
12 115
12 13
12 215
12 175
12 55
12 88
12 24
12 29
12 140
12 111
12 198
12 171
12 183
12 245
12 52
192 8
192 69
192 26
155 9
155 36
155 72
155 58
155 2
155 32
155 1
155 203
155 117
181 181
81 238
228 82
228 257
228 131
228 98
74 66
74 75
74 20
74 148
74 128
74 162
74 137
74 213
74 241
74 186
74 41
74 80
74 215
74 175
74 55
74 88
74 29
74 140
74 198
74 53
74 171
74 183
25 49
25 216
25 116
25 43
25 35
25 166
25 141
226 34
226 36
226 32
48 8
48 205
48 49
48 96
48 36
48 2
48 107
48 251
48 176
48 32
48 1
48 257
48 33
48 95
48 7
48 196
48 191
48 192
48 12
48 131
48 98
48 217
48 151
48 220
48 62
48 165
89 146
89 240
89 26
89 257
89 89
89 95
89 5
89 131
89 98
89 166
89 217
84 242
84 156
84 209
84 97
84 19
84 144
84 66
84 132
84 158
84 0
84 73
84 22
84 225
84 114
84 94
84 150
84 103
84 234
84 168
84 74
84 12
84 197
84 40
84 52
84 139
84 85
84 63
84 182
84 227
84 159
84 143
84 23
84 218
206 49
206 96
206 235
206 32
206 131
168 66
168 35
168 128
168 24
168 53
168 220
234 75
234 20
234 148
234 128
234 162
234 186
234 41
234 80
234 115
234 13
234 215
234 55
234 88
234 29
234 140
234 111
234 198
234 171
234 245
16 16
26 26
195 173
195 152
195 47
195 27
195 124
195 36
195 2
195 32
195 1
195 153
103 114
103 75
103 128
103 241
103 80
103 24
103 111
103 138
103 252
103 204
103 219
150 75
150 148
150 128
150 137
150 213
150 241
150 41
150 80
150 215
150 175
150 55
150 88
150 24
150 29
150 198
150 53
150 171
150 183
178 20
178 162
178 137
178 213
178 241
178 186
178 80
178 13
178 88
178 29
178 111
178 171
178 12
178 219
83 47
83 49
83 122
83 96
83 235
83 9
83 36
83 72
83 58
83 2
83 32
83 1
83 33
83 203
210 43
210 211
210 257
210 129
210 228
210 169
210 165
210 236
65 156
65 66
65 158
65 0
65 176
65 75
65 20
65 148
65 162
65 186
65 41
65 80
65 13
65 215
65 55
65 88
65 29
65 140
65 111
65 171
65 139
248 87
248 249
248 229
248 224
248 238
248 170
248 167
248 123
248 14
248 81
94 20
94 128
94 137
94 213
94 41
94 80
94 115
94 175
94 29
94 140
94 198
94 53
94 171
94 183
114 148
114 128
114 137
114 213
114 41
114 80
114 115
114 13
114 215
114 175
114 55
114 88
114 24
114 29
114 53
114 171
114 183
114 245
225 75
225 20
225 148
225 162
225 137
225 41
225 80
225 175
225 55
225 140
225 198
225 171
225 183
225 204
225 219
22 66
22 0
22 75
22 20
22 148
22 128
22 162
22 241
22 186
22 41
22 80
22 13
22 55
22 88
22 24
22 29
22 140
22 111
22 171
106 87
106 249
106 229
106 224
106 238
106 170
106 167
106 123
106 14
106 81
61 20
61 162
61 137
61 186
61 41
61 175
61 88
61 140
61 53
61 171
61 12
61 138
73 75
73 128
73 241
73 80
73 24
73 111
73 198
73 53
73 12
0 66
0 75
0 20
0 148
0 128
0 162
0 137
0 213
0 241
0 186
0 41
0 80
0 115
0 13
0 215
0 175
0 55
0 88
0 24
0 29
0 140
0 111
0 198
0 53
0 171
0 183
45 184
45 36
45 2
45 57
45 217
45 151
45 120
119 34
119 81
119 214
145 66
145 20
145 148
145 137
145 213
145 241
145 186
145 41
145 80
145 215
145 55
145 88
145 29
145 140
145 111
145 171
145 138
145 252
145 219
51 208
51 69
51 169
51 190
51 108
30 51
30 25
158 75
158 20
158 148
158 128
158 162
158 137
158 213
158 241
158 186
158 41
158 80
158 115
158 13
158 215
158 175
158 55
158 88
158 24
158 140
158 111
158 198
158 171
158 183
56 45
56 114
56 43
56 103
56 176
56 233
56 207
56 169
56 91
56 189
56 141
56 151
93 116
93 18
28 118
28 49
28 122
28 96
28 36
28 72
28 58
28 2
28 253
28 116
28 251
28 32
28 1
28 231
28 38
28 105
28 160
28 244
28 4
28 17
28 59
28 200
28 130
28 126
28 196
28 10
28 129
28 217
28 91
28 151
28 203
28 190
28 62
28 165
28 236
15 116
15 16
15 38
15 25
15 169
15 189
15 141
132 107
132 75
132 20
132 148
132 128
132 162
132 137
132 213
132 241
132 186
132 41
132 80
132 13
132 215
132 175
132 55
132 88
132 24
132 29
132 140
132 111
132 198
132 171
132 183
201 43
201 113
201 202
201 239
201 166
201 189
112 184
112 43
112 113
112 100
112 202
112 250
112 239
112 169
112 166
112 189
112 108
66 148
66 162
66 137
66 213
66 186
66 41
66 80
66 115
66 13
66 215
66 175
66 55
66 88
66 29
66 140
66 53
66 171
66 183
66 252
50 66
50 75
50 20
50 128
50 241
50 24
50 111
50 198
50 53
50 245
50 138
50 252
50 204
50 219
50 197
144 66
144 22
144 114
144 75
144 20
144 148
144 128
144 162
144 137
144 213
144 241
144 41
144 80
144 115
144 215
144 175
144 55
144 24
144 140
144 198
144 53
144 183
136 148
136 162
136 137
136 213
136 186
136 41
136 13
136 215
136 175
136 55
136 88
136 29
136 171
136 183
19 66
19 75
19 20
19 128
19 241
19 80
19 24
19 140
19 111
19 198
19 53
19 74
97 75
97 20
97 128
97 162
97 186
97 41
97 80
97 88
97 24
97 29
97 140
97 111
97 198
97 53
97 171
209 75
209 20
209 148
209 128
209 162
209 137
209 213
209 241
209 41
209 115
209 13
209 215
209 175
209 55
209 88
209 24
209 29
209 140
209 111
209 198
209 53
209 171
209 183
34 113
179 47
179 77
179 27
179 124
179 9
179 36
179 72
179 58
179 2
179 32
179 1
179 194
179 207
179 203
179 120
237 87
237 249
237 229
237 224
237 238
237 170
237 167
237 123
237 14
6 9
6 36
6 58
6 2
6 1
6 105
6 149
6 95
6 7
6 126
6 196
6 135
6 129
6 5
6 207
6 236
86 87
86 249
86 229
86 224
86 238
86 170
86 167
86 123
86 14
86 81
86 181
46 173
46 152
46 47
46 223
46 77
46 27
46 124
46 33
8 152
8 47
8 77
8 27
8 124
8 125
8 205
8 122
8 9
8 36
8 72
8 58
8 2
8 146
8 188
8 251
8 32
8 1
8 206
8 33
8 105
8 95
8 7
8 196
8 135
8 131
8 98
8 151
8 203
254 253
254 231
254 70
254 194
254 31
254 207
156 75
156 148
156 128
156 137
156 213
156 241
156 41
156 80
156 115
156 175
156 55
156 24
156 29
156 140
156 198
156 171
156 183
110 125
110 49
110 122
110 9
110 72
110 58
110 2
110 32
110 1
110 257
110 105
110 95
110 7
110 196
110 217
110 151
110 203
110 62
242 22
242 20
242 148
242 128
242 162
242 137
242 213
242 41
242 80
242 215
242 55
242 29
242 140
242 198
242 171
